---- Layers:
M1 #00aaff
M2 #ffff00
M3 #ff557f

---- Shapes:
Layer: M1 Origin: ( -133 -150 ) Contour: (  ( 12 11 ) ( 12 251 ) ( 72 249 ) ( 71 10 ) )
Layer: M1 Origin: ( -205 31 ) Contour: (  ( -16 -12 ) ( -15 -72 ) ( 387 -72 ) ( 387 -12 ) )
Layer: M1 Origin: ( -144 176 ) Contour: (  ( 0 0 ) ( 15 36 ) ( 97 47 ) ( 191 47 ) ( 272 38 ) ( 267 3 ) ( 232 8 ) ( 193 20 ) ( 111 21 ) ( 43 11 ) )
Layer: M2 Origin: ( -106 250 ) Contour: (  ( 0 0 ) ( 59 -11 ) ( 108 -156 ) ( -33 -200 ) ( -66 -321 ) ( 90 -358 ) ( 92 -334 ) ( -41 -315 ) ( -24 -214 ) ( 149 -148 ) ( 92 -1 ) ( 17 19 ) )
Layer: M2 Origin: ( 220 -121 ) Contour: (  ( 0 0 ) ( 0 238 ) ( 21 238 ) ( 20 159 ) ( 81 159 ) ( 80 140 ) ( 20 140 ) ( 22 -1 ) )
Layer: M3 Origin: ( -224 63 ) Contour: (  ( 0 0 ) ( 118 73 ) ( 127 50 ) ( 37 -20 ) ( 46 -179 ) ( 21 -162 ) ( 22 -34 ) )
